 1851  0.590 -0.828  0.041  0.173 -0.258 -0.435 -0.246  0.480  0.459  0.023  0.054  0.308
 1852  1.447  0.524  1.481  0.081  0.291  0.056  0.054  0.392  0.203 -0.108 -0.053 -0.157
 1853  1.733  0.280  0.891  0.501  0.475 -0.078  0.313 -0.090  0.393 -0.018 -0.636  0.840
 1854 -0.439 -0.152 -0.881  1.032  0.143 -0.127 -0.047  0.179  0.205 -0.022  1.559  0.599
 1855  1.031  1.143  0.481 -0.296  0.062 -0.031  0.523  0.696 -0.639  0.231  0.464  0.168
 1856  2.377  1.352  1.917  0.418  0.206  0.295  0.270  0.144  0.217 -0.377  0.051  0.634
 1857  1.767  0.198 -0.198  0.924  0.658 -0.489  0.632  0.202  0.362 -0.010  0.008  0.208
 1858  0.804  0.857  0.974  0.729  0.284 -0.638  0.230  0.853  0.465  0.335  0.755 -1.173
 1859  0.261  0.064 -0.032  0.336  0.144  0.405  0.416  0.507  0.367  0.816 -0.882  1.234
 1860  0.536  0.036  0.401  0.448  0.321 -0.089  0.742  1.143  0.037  0.220  0.245  0.430
 1861  0.482 -0.418 -0.449  0.122  0.095 -0.208  0.083  0.551  0.247 -0.286 -0.070 -0.547
 1862 -1.125 -0.631  0.383  0.399  0.894  0.342  0.822  0.501 -0.356 -0.762 -0.021 -0.821
 1863  0.349 -0.347  0.324  0.563  0.798  0.617  0.419 -0.008 -0.313 -0.106  0.354  1.034
 1864  1.126  1.798  1.036  0.903  0.435 -0.392  0.611  0.409 -0.366  0.198 -0.292  0.465
 1865  0.314  0.807 -0.309 -0.205  0.491 -0.110  0.228  0.424 -0.084  0.484  0.363 -0.461
 1866  1.353  0.299  0.368  0.363  0.222 -0.405  0.158 -0.081 -0.152  0.462  0.703  0.922
 1867  2.179  0.242  0.725  0.275 -0.274 -0.483  0.123  0.355 -0.314 -0.076  0.475  0.335
 1868  0.980  0.269  0.196 -0.039  0.028  0.016 -0.104  0.061 -0.048  0.150  0.782  0.520
 1869  0.727  0.057  0.052 -0.265  0.073 -0.302  0.233 -0.018 -0.125 -0.206  0.181  0.173
 1870  1.250  1.626  0.729  1.110 -0.010 -0.339  0.080 -0.030  0.099 -0.289  0.812  0.454
 1871  0.180  0.259  0.550  1.011  0.699  0.111  0.126  0.559  0.348 -0.579 -0.036 -0.019
 1872  1.213  0.801  0.682 -0.375 -0.117 -0.304  0.662  0.569  0.185  0.395  0.293  0.644
 1873 -0.253 -0.350 -0.031  0.540 -0.244 -0.151 -0.098  0.732 -0.026  0.219  0.532  0.288
 1874  0.425 -0.388  0.415 -0.340  0.560  0.676  1.175  1.345  0.509  0.408 -0.291 -0.078
 1875 -0.879 -0.389  0.103  1.675  1.153  0.192  0.744  0.624  1.020  0.050 -0.454 -0.501
 1876 -0.638 -0.315  0.454  1.228  0.831  0.567  0.642  0.655  0.495 -0.098  0.746  0.715
 1877  0.849  2.201  1.761  1.447  1.285  0.132  0.630  0.834  0.331  0.265  0.437  1.659
 1878  1.481  1.049  1.810  1.329  0.134 -0.016 -0.087  1.119  0.111 -0.112  1.197  0.834
 1879  0.017 -0.882 -0.581  0.384  0.331 -0.458 -0.022  0.782  0.525 -0.484 -0.509 -1.284
 1880 -0.760 -1.394 -0.404 -0.152 -0.737 -0.745  0.429  0.405 -0.008  0.163  0.425  1.763
 1881  0.724  0.399  1.635  1.224  0.247 -0.365  0.193 -0.006 -0.517 -0.046 -0.969 -0.377
 1882 -0.236 -1.087 -0.656 -0.071 -0.014 -0.410  0.215  0.168 -0.240 -0.977  0.875  0.519
 1883 -0.268 -1.370  1.492  0.319  0.557  0.024  0.308  0.234  0.270 -1.126 -1.642  0.313
 1884  0.652 -0.069  0.558  1.725 -0.076  0.544  0.426  1.024 -1.407 -0.769  1.444 -0.678
 1885 -0.036  0.190  1.752 -0.468  0.586  0.001  0.093  0.233 -0.528  0.853  0.623 -0.008
 1886  0.003 -0.742 -0.179  0.184 -0.486 -0.059  0.187 -0.163 -0.364 -0.244 -0.770  0.473
 1887 -2.353 -2.883 -0.815 -0.311 -0.457 -0.593 -0.169  0.196  0.040 -0.677 -0.193 -1.079
 1888 -0.697  0.952 -0.249 -0.511 -0.281 -0.138  0.195  0.497  0.179  0.412  0.578  1.913
 1889  1.205  0.545  3.103  1.446  0.664 -0.129  0.282  0.237 -0.055  1.072  1.058 -0.185
 1890 -0.848 -1.527 -0.281 -0.583 -0.792 -0.064  0.333  0.042  0.391  0.637  1.277 -0.082
 1891  1.491 -0.834  0.290  1.048  0.946  0.462  0.382  0.554 -0.377  0.628  0.330 -0.304
 1892  1.408  1.086  0.979 -0.301  0.407 -0.298 -0.343  0.407 -0.062  0.978 -0.962  1.041
 1893  0.731 -0.469  1.193 -0.421  0.184 -0.367 -0.224  0.779 -0.419 -0.619  0.655  0.269
 1894 -0.389 -1.030 -0.559  0.451  0.445  0.137  0.967  1.146  0.114  0.148  0.071  0.483
 1895  0.427  1.044  0.888  0.526 -0.206 -0.497  0.289  0.337 -0.274  0.480 -0.029 -0.384
 1896  1.125  1.352 -0.123 -0.443 -0.276  0.045  0.218  0.274  0.344  0.630 -0.712  1.139
 1897  1.169 -0.353  0.160  1.071  0.931 -0.270  0.084  1.005  0.130  0.137 -0.701  1.119
 1898  0.160  0.245 -1.100  0.046  0.458 -0.139  0.029  0.746  0.408  0.192 -0.260  0.763
 1899 -0.040  0.234 -0.374  0.304 -0.237 -0.471  0.837  0.367  0.790 -0.027  1.807  0.043
 1900  0.567  0.155  1.488  0.894  0.689 -0.007 -0.154 -0.415 -0.568 -0.648  0.227  0.529
 1901 -0.590  0.840  0.362  0.385  0.828 -0.393  0.298  0.505  0.196  0.059  0.917 -0.406
 1902  1.553  1.936 -1.719  0.288 -0.187 -0.261 -0.316  0.469 -0.269  0.452 -0.312 -0.924
 1903  0.591 -0.204 -0.354  0.675  0.257  0.544 -0.053  0.196 -0.021  0.611  1.226  1.888
 1904  0.573 -0.629 -0.970  0.520  0.172 -0.390  0.234  0.301  0.080  0.379  1.674  0.369
 1905  0.613  0.947  1.274  0.832 -0.011 -0.621  0.364  0.476  0.264 -0.306  0.906  0.695
 1906 -0.261  1.120  0.754  0.569  0.251  0.379  0.998  0.618  0.467  0.779  0.615 -0.116
 1907 -2.325  0.928 -0.763  0.190  0.362 -0.079  0.251  0.067  0.399  1.143  0.798  1.573
 1908  1.657  0.336 -0.872 -0.036  0.406 -0.271  1.145  0.422  0.091  0.265  1.198  0.615
 1909 -0.445  0.281  0.368 -0.903  0.149  0.829  0.476  0.538  0.120  0.223  0.038  1.295
 1910 -0.176 -0.079  0.639  0.170  0.161 -0.498 -0.195 -0.334 -0.023  0.585  0.548  0.687
 1911 -2.426 -1.627 -1.082 -1.020 -0.118  0.035  0.117  0.059 -0.551  0.517 -0.326 -0.756
 1912  0.600  1.439 -0.947 -0.231 -0.104 -0.119 -0.069 -0.005  0.716 -0.247  0.335 -0.416
 1913 -1.932 -0.653 -0.322  0.755  0.660  0.640  0.329  0.538  0.612 -0.225 -0.350  2.134
 1914 -0.097  0.318  0.494  0.514 -0.300 -0.262  0.244  0.188 -0.342  1.486  0.958 -0.653
 1915  1.143  0.001  2.951  1.174  0.668 -0.389  0.070  1.282 -0.227 -0.521 -0.902 -0.082
 1916 -3.279  0.095  0.096  0.830 -0.748  0.067  0.441  0.212 -0.231 -1.063 -0.593 -1.597
 1917 -2.104 -0.339 -2.110  0.074  0.267 -0.657 -0.534  0.657  0.331 -0.281  2.511 -0.386
 1918  0.520 -1.932 -1.565 -0.612 -1.441  0.028  0.525 -0.355  0.950  0.135  0.686  0.142
 1919  1.382  0.668 -0.429  1.208  0.733  0.012 -0.027  0.387  0.085 -2.212 -0.216  0.094
 1920 -0.445 -0.013 -1.758 -0.890 -0.236  0.272  0.464  0.417 -0.804 -0.434  0.224 -0.187
 1921 -1.521  0.263 -1.930 -0.110 -0.086  0.844 -0.307 -0.422 -0.855  0.599 -0.290 -0.003
 1922 -1.270 -2.106 -1.018 -1.101  0.224 -0.061 -0.429  0.138 -0.605  0.079  0.055 -0.659
 1923 -1.760 -1.112 -1.627  0.118  0.141  0.423  0.302  0.439 -0.104  1.347  1.712 -0.801
 1924  0.032  1.559  0.145 -0.932  0.606 -0.519 -0.010 -0.223 -0.060 -0.145  0.593 -0.567
 1925 -1.697  0.028 -0.793 -0.073  1.021  0.303  0.219 -0.230 -0.551  0.020  0.250  1.746
 1926  1.778  1.122  1.983  1.176  1.023  0.334  0.781  0.123 -0.907  0.906  1.178 -0.964
 1927 -0.719  0.475 -0.850 -0.908 -0.576  0.468  0.265  0.617  0.191 -0.199 -1.095 -1.494
 1928  0.976  0.539  0.530 -0.064  1.147 -0.185  0.226 -0.121 -0.339 -0.405  1.198  0.819
 1929 -1.693 -1.570 -1.209 -0.531  0.002  0.125 -0.090  0.437  0.674  1.674  0.097 -0.499
 1930 -1.253  0.113 -0.085  0.462  0.172  0.355  0.512  0.745 -0.206  0.297  0.676  1.910
 1931  2.453  1.287  1.490  0.617  0.426  1.153  0.442  0.830 -0.226 -0.218 -1.109 -1.309
 1932 -2.249 -2.688  0.774  1.129  0.508  0.765  0.031  0.569  0.598  0.121  0.000 -0.975
 1933 -2.884 -2.050 -0.169 -0.125 -0.734 -0.303  0.158  1.000 -0.451  0.069  0.906 -1.447
 1934  0.467  1.671  0.549  0.714  0.882  0.111  0.240  0.353 -0.128  0.324  0.595  0.281
 1935 -0.737  1.084 -2.194 -0.262  0.340  0.287  0.104 -0.465  0.292 -0.524 -0.466  2.659
 1936  0.746 -1.465 -0.989  0.322  0.916  0.431 -0.188  0.129 -0.581  0.463  1.582 -1.844
 1937 -3.863 -1.486  0.507 -0.466  0.334  0.829  0.062 -0.955  0.241  1.459  0.570  0.084
 1938  0.609 -0.555 -0.765  0.800 -0.153  0.094  0.005 -0.762  1.022  1.433 -0.990  0.438
 1939 -0.094 -2.445 -0.851 -0.015  0.461 -0.426  0.139  0.551 -0.493 -0.970  1.574  2.864
 1940  1.739  1.012  0.992  1.856  0.969  0.759 -0.177  0.499  0.923  1.214  0.015  1.408
 1941  2.071  2.493  1.879  1.723  0.054  0.522  0.664  0.116 -1.074 -0.553  0.311  0.286
 1942  2.489  0.439 -0.474  0.007  0.205  0.151  0.132  0.181  0.344  0.583 -0.771 -0.471
 1943 -0.670  0.817 -1.140  1.821 -0.309 -0.483  0.242 -0.658  0.254  0.580  1.942  1.068
 1944  1.516 -2.047 -1.101  0.449  0.403  0.057  0.320 -0.339 -0.195  1.257  1.180  0.692
 1945  1.845 -0.721 -0.804 -1.547  0.557  0.086  0.244  0.282 -0.600 -0.101 -1.453  0.811
 1946 -0.235 -0.652 -0.837 -0.357  0.539 -0.292  0.168  0.248 -0.064 -1.764 -0.891 -2.012
 1947 -2.455  1.201  0.980  0.013  0.506  0.291  0.106 -0.667 -0.482  0.092  0.080 -0.248
 1948  0.226 -2.036 -2.007 -1.617  0.772  0.705 -0.390 -0.466 -0.475  0.344 -1.007 -2.461
 1949 -1.988 -3.286  0.039  0.567 -0.031 -0.694 -0.551 -0.144  0.550 -0.990  1.655 -2.049
 1950 -4.411 -0.518  0.379 -0.483 -0.444 -0.040  0.014  0.576  0.826 -0.321 -0.407  0.908
 1951 -0.828 -1.490 -1.335  0.440  1.122  0.154  0.052 -0.053  0.249 -0.338  0.097 -2.446
 1952 -2.219  0.023 -1.403  0.859 -0.058 -0.559 -0.364 -0.251  0.209  0.898  0.531  1.282
 1953  0.881  0.038 -1.028  0.614  0.508 -0.488  0.379 -0.331 -0.124  1.343  0.798  0.298
 1954 -1.358  0.819 -1.075 -1.236  0.302  0.255 -0.151 -0.248 -0.419  1.109  2.254  0.079
 1955  0.545 -2.433 -2.029 -1.095 -0.190 -0.055 -0.238 -0.140 -0.582 -0.241 -1.227 -0.992
 1956  0.280 -2.897 -0.811  0.321  0.111 -0.286  0.057  0.356 -0.309 -1.387  1.451 -0.368
 1957 -2.419 -2.370  0.345 -0.735  0.454  0.250 -0.016  0.058  0.915  0.823  0.336 -0.739
 1958  2.899  2.280 -0.328  0.542  0.242  0.394  0.110  0.226 -0.653  0.021 -0.493  1.244
 1959 -0.419 -1.843  0.333 -0.340 -0.442  0.384  0.005 -0.798 -0.449  0.208  0.558  0.825
 1960  0.258  0.641  0.342  0.401  0.385 -0.359  0.619 -0.533 -0.086  0.167 -0.401  1.670
 1961  2.734 -0.089  0.446 -0.849  0.027  0.476  0.035  0.553 -1.175 -1.334 -0.783 -1.315
 1962 -0.823 -1.182 -0.544 -0.032 -1.082 -0.472  0.012 -0.562 -0.060  0.514  0.936  1.193
 1963 -0.602  1.841 -1.946 -0.769 -0.440 -0.723 -0.531  0.361  1.001  0.677  0.305  2.256
 1964 -0.134  0.091 -2.140 -1.733 -1.551  0.277 -0.279 -0.714 -0.645  0.476 -0.399 -1.499
 1965  0.042 -1.649  0.004 -0.642 -0.759  0.335 -0.081  0.453 -0.505  0.911 -0.665 -1.164
 1966  0.396 -1.553  0.867  0.030 -0.705  0.687  0.094  0.184  1.218 -0.364 -1.227  0.644
 1967 -0.666 -0.518 -1.848 -2.056 -0.516  0.186 -0.212  0.788  1.458  0.436 -0.135 -1.265
 1968 -1.513  2.491  0.948 -0.854  0.487  0.374  0.450 -0.025  0.152 -0.070  1.488 -0.948
 1969 -2.322  0.237  0.876  0.589  0.846  0.550 -0.303 -0.340  0.256  1.144  1.134  2.522
 1970  0.829  1.719  0.757 -1.090  0.028  0.437  0.185 -0.021 -0.653 -0.672 -0.679 -1.920
 1971 -1.516 -0.229 -0.131  0.295  0.481  0.051  0.112  0.297 -0.542 -0.969 -0.372 -3.153
 1972 -2.752 -0.673  0.426 -1.452  0.730  0.063 -0.080  0.789 -1.030 -0.145  0.471 -1.024
 1973  0.180  1.088 -0.434  0.146  0.330 -0.034  0.181 -0.512  0.505 -0.580 -2.108  0.861
 1974 -2.172 -0.514 -0.509  0.048 -0.654 -0.067  0.180  0.144  0.254  1.088  0.587  0.674
 1975 -1.404 -0.457 -0.636 -1.240 -0.151 -0.661  0.658 -0.342  0.304 -0.833 -0.463  0.426
 1976  0.486 -1.488 -1.298  0.439  0.069 -0.551  0.527  0.277  1.144  0.583  2.066  1.187
 1977  2.286  2.495 -1.842  0.106 -0.155  0.478 -0.304  0.246 -0.979  0.425  0.143 -0.211
 1978  1.931  2.703  1.004 -0.030 -0.242 -0.897 -0.117 -0.430 -0.063  0.321 -0.977 -2.187
 1979 -0.072 -1.518  0.394 -0.973  0.277 -0.776  0.058  0.129  0.756  0.867  0.611 -0.025
 1980 -0.532  1.960 -0.646  1.880  0.580 -0.744 -0.293 -0.925 -0.263  1.255  1.176  0.964
 1981  3.826 -0.049  2.170 -0.886  0.696 -0.173 -0.444  0.864  0.665 -0.944  1.252  0.398
 1982 -1.683 -1.570 -1.658 -1.050  0.116  0.484  0.240 -0.084  0.243 -0.367 -0.358  0.695
 1983  2.226  2.520  2.712  0.300 -0.148  0.563  0.049 -0.300 -1.073 -0.342  1.333 -0.452
 1984  0.618  0.961  1.989  1.076  0.119 -0.086  0.010 -0.016 -0.203 -0.468  0.126 -2.610
 1985  2.538 -1.963 -1.080 -0.482 -0.543  0.067  0.260 -0.613 -1.158 -1.767 -2.143  1.729
 1986  2.295  0.852  1.355 -0.245  0.060  0.158 -0.363  0.461 -0.857  1.000 -1.085  1.598
 1987  1.657  1.188  1.224  1.685 -0.141  0.277  0.054 -0.118  0.420  0.485  1.082 -0.078
 1988  0.531  0.804  1.002  1.083  0.461  0.752  0.252 -0.044 -0.230  0.784 -0.808  0.020
 1989 -1.654 -1.838 -0.340  0.232 -0.808  0.136  0.265  0.180  0.120 -0.703 -0.721  1.246
 1990 -1.136 -2.329  0.365  0.570 -0.324 -0.439  0.234  0.247  0.604 -1.378 -1.913 -2.493
 1991 -0.655  1.217 -1.337  0.189 -0.314 -0.538 -0.081  0.460  0.731 -0.853  0.503 -0.040
 1992  2.340  0.519  1.939  1.030  0.298  0.742 -0.420  0.247 -1.170  0.321  0.598 -1.987
 1993 -0.652  0.933  1.757  1.733  1.145  0.247 -0.453  0.246 -0.430  0.214 -1.104  1.224
 1994  0.344 -1.918  0.649  0.522  0.708 -0.293  0.064  0.034  0.296 -0.261 -2.746  0.482
 1995  2.029  0.472  0.525  0.265  0.420  0.784 -0.146 -0.841  1.118 -0.636  0.044  1.697
 1996 -0.846 -0.341  0.255  1.419 -0.473 -0.284 -0.072 -0.116 -0.173 -0.660 -0.382 -1.035
 1997  1.035  0.076 -0.538  1.147  0.057  0.672  0.329  0.233  0.560 -0.103  1.050  1.350
 1998  1.084  2.400  1.056  0.482 -0.203 -0.759  0.332  0.078 -0.032 -0.066 -0.326 -0.832
 1999 -0.637  0.215  0.049 -0.468 -0.464 -0.464 -0.780  0.369  0.180 -0.192  0.325  0.077
 2000 -0.846  0.848  0.769  0.299 -0.253 -0.483 -0.089 -0.501 -0.324 -0.074  0.667  1.231
 2001  2.264 -1.458  0.151 -0.999 -0.029 -0.547 -0.449  0.323  0.381 -1.007  1.191  0.034
 2002 -0.780  0.215 -1.311 -1.423 -0.648  0.491  0.304  0.317 -0.511 -0.035  1.966  1.550
 2003  2.993 -0.468  0.054 -0.580 -0.256 -0.010  0.256  0.452  0.289  1.050 -2.583  0.658
 2004  0.412  1.030 -0.283  0.969 -0.820 -0.144  0.364  0.399 -0.536 -1.099 -0.256 -0.284
 2005 -0.017 -0.056  1.471  0.853  1.303 -0.294  0.008  0.021 -0.979 -0.117 -0.501  1.810
 2006  0.130 -0.630 -0.960 -0.317  0.119  0.514  0.158 -0.264  0.327 -0.721 -0.734  1.255
 2007  0.361 -0.126  0.205  1.348  0.383  0.018  0.870 -0.257 -0.904 -0.695  0.158 -1.224
 2008 -1.205 -0.317  0.032 -1.078  0.527 -0.336  0.067  0.575  0.393  0.177  1.114 -2.150
 2009  0.376 -1.604 -1.780 -0.475 -0.074  0.426  0.576  0.346  1.022 -0.126 -0.161  0.845
 2010  2.683  2.480  1.742  0.178 -0.301 -0.130 -0.441 -0.555 -0.260  0.949 -0.725 -0.020
 2011  0.545 -2.268  0.128 -0.860 -0.054 -0.664 -0.740 -0.116  1.025 -0.278 -1.979 -0.447
 2012 -0.051 -0.037 -1.280  0.397 -0.326 -0.502 -0.121  0.160  0.567 -0.152 -0.011 -1.330
 2013 -0.380 -0.608  0.149 -0.550  0.218  0.285 -0.152  0.408 -0.002 -0.292 -1.120 -1.722
 2014  0.876 -0.967  0.585  0.260 -0.265 -0.351  0.490  0.438  0.201  0.402  0.643  0.642