1854   -99.000   -99.000   -99.000   -99.000   -99.000   -99.000   -99.000   -99.000   -99.000   -99.000   -99.000   -99.000
1855   -99.000   -99.000   -99.000   -99.000   -99.000   -99.000   -99.000   -99.000   -99.000   -99.000   -99.000   -99.000
1856   -99.000   -99.000   -99.000   -99.000   -99.000   -99.000   -99.000   -99.000   -99.000   -99.000   -99.000   -99.000
1857   -99.000   -99.000   -99.000   -99.000   -99.000   -99.000   -99.000   -99.000   -99.000   -99.000   -99.000   -99.000
1858   -99.000   -99.000   -99.000   -99.000   -99.000   -99.000   -99.000   -99.000   -99.000   -99.000   -99.000   -99.000
1859   -99.000   -99.000   -99.000   -99.000   -99.000   -99.000   -99.000   -99.000   -99.000   -99.000   -99.000   -99.000
1860   -99.000   -99.000   -99.000   -99.000   -99.000   -99.000    -0.398    -0.402    -0.407    -0.411    -0.415    -0.419
1861    -0.423    -0.427    -0.430    -0.434    -0.437    -0.440    -0.444    -0.446    -0.449    -0.452    -0.454    -0.456
1862    -0.458    -0.460    -0.462    -0.463    -0.465    -0.466    -0.467    -0.468    -0.468    -0.469    -0.469    -0.470
1863    -0.470    -0.470    -0.469    -0.469    -0.469    -0.468    -0.467    -0.466    -0.465    -0.464    -0.463    -0.462
1864    -0.460    -0.459    -0.457    -0.456    -0.454    -0.452    -0.451    -0.449    -0.447    -0.446    -0.444    -0.443
1865    -0.442    -0.440    -0.439    -0.438    -0.437    -0.436    -0.435    -0.435    -0.434    -0.434    -0.433    -0.433
1866    -0.433    -0.433    -0.433    -0.434    -0.434    -0.435    -0.436    -0.437    -0.438    -0.439    -0.440    -0.442
1867    -0.444    -0.446    -0.448    -0.450    -0.452    -0.455    -0.457    -0.460    -0.463    -0.466    -0.470    -0.473
1868    -0.477    -0.480    -0.484    -0.488    -0.492    -0.497    -0.501    -0.506    -0.510    -0.515    -0.520    -0.525
1869    -0.530    -0.535    -0.540    -0.545    -0.551    -0.556    -0.562    -0.567    -0.573    -0.579    -0.585    -0.591
1870    -0.597    -0.603    -0.609    -0.615    -0.621    -0.627    -0.633    -0.639    -0.646    -0.652    -0.658    -0.664
1871    -0.670    -0.676    -0.682    -0.688    -0.694    -0.699    -0.705    -0.710    -0.715    -0.720    -0.724    -0.729
1872    -0.732    -0.736    -0.739    -0.742    -0.745    -0.747    -0.749    -0.750    -0.751    -0.751    -0.751    -0.751
1873    -0.750    -0.749    -0.747    -0.745    -0.742    -0.739    -0.735    -0.731    -0.726    -0.722    -0.716    -0.710
1874    -0.704    -0.698    -0.691    -0.683    -0.676    -0.668    -0.659    -0.650    -0.641    -0.632    -0.622    -0.613
1875    -0.602    -0.592    -0.581    -0.571    -0.560    -0.549    -0.537    -0.526    -0.514    -0.503    -0.491    -0.479
1876    -0.468    -0.456    -0.444    -0.433    -0.421    -0.410    -0.398    -0.387    -0.376    -0.365    -0.354    -0.343
1877    -0.333    -0.323    -0.313    -0.303    -0.294    -0.285    -0.276    -0.267    -0.259    -0.251    -0.243    -0.236
1878    -0.229    -0.222    -0.216    -0.210    -0.204    -0.199    -0.194    -0.190    -0.186    -0.182    -0.178    -0.175
1879    -0.172    -0.169    -0.167    -0.164    -0.162    -0.161    -0.159    -0.158    -0.156    -0.155    -0.154    -0.153
1880    -0.152    -0.151    -0.150    -0.149    -0.148    -0.147    -0.146    -0.145    -0.144    -0.143    -0.142    -0.141
1881    -0.139    -0.138    -0.137    -0.136    -0.134    -0.133    -0.131    -0.129    -0.128    -0.126    -0.124    -0.122
1882    -0.119    -0.117    -0.114    -0.112    -0.109    -0.106    -0.103    -0.100    -0.097    -0.093    -0.089    -0.085
1883    -0.081    -0.077    -0.073    -0.068    -0.064    -0.059    -0.054    -0.049    -0.044    -0.039    -0.034    -0.029
1884    -0.024    -0.019    -0.014    -0.009    -0.004     0.001     0.006     0.010     0.014     0.018     0.022     0.026
1885     0.029     0.033     0.036     0.038     0.041     0.043     0.045     0.047     0.049     0.050     0.051     0.052
1886     0.053     0.053     0.053     0.053     0.053     0.052     0.051     0.050     0.049     0.047     0.045     0.043
1887     0.040     0.038     0.034     0.031     0.027     0.023     0.019     0.014     0.009     0.003    -0.003    -0.009
1888    -0.016    -0.022    -0.030    -0.038    -0.046    -0.054    -0.063    -0.072    -0.082    -0.092    -0.102    -0.112
1889    -0.123    -0.134    -0.146    -0.158    -0.170    -0.182    -0.195    -0.207    -0.220    -0.233    -0.246    -0.260
1890    -0.273    -0.287    -0.300    -0.314    -0.328    -0.341    -0.355    -0.368    -0.381    -0.395    -0.408    -0.420
1891    -0.433    -0.445    -0.457    -0.469    -0.480    -0.491    -0.502    -0.512    -0.522    -0.531    -0.540    -0.549
1892    -0.557    -0.565    -0.572    -0.578    -0.584    -0.590    -0.595    -0.599    -0.603    -0.606    -0.609    -0.611
1893    -0.613    -0.614    -0.614    -0.614    -0.613    -0.611    -0.609    -0.607    -0.603    -0.599    -0.594    -0.589
1894    -0.583    -0.576    -0.569    -0.561    -0.553    -0.544    -0.534    -0.524    -0.514    -0.502    -0.491    -0.479
1895    -0.466    -0.454    -0.441    -0.427    -0.413    -0.399    -0.385    -0.371    -0.356    -0.341    -0.327    -0.312
1896    -0.297    -0.282    -0.267    -0.252    -0.236    -0.221    -0.206    -0.191    -0.176    -0.161    -0.145    -0.130
1897    -0.115    -0.100    -0.085    -0.070    -0.055    -0.041    -0.026    -0.012     0.002     0.017     0.030     0.044
1898     0.058     0.071     0.084     0.097     0.109     0.121     0.133     0.145     0.157     0.168     0.179     0.190
1899     0.200     0.210     0.220     0.230     0.240     0.249     0.259     0.268     0.277     0.286     0.295     0.303
1900     0.312     0.320     0.328     0.336     0.345     0.352     0.360     0.368     0.376     0.383     0.390     0.398
1901     0.405     0.412     0.419     0.425     0.432     0.438     0.444     0.451     0.456     0.462     0.468     0.473
1902     0.479     0.484     0.489     0.493     0.498     0.502     0.506     0.510     0.513     0.516     0.519     0.522
1903     0.524     0.526     0.527     0.529     0.529     0.530     0.530     0.530     0.529     0.528     0.526     0.524
1904     0.521     0.518     0.515     0.511     0.506     0.501     0.496     0.490     0.484     0.477     0.469     0.461
1905     0.453     0.444     0.435     0.425     0.415     0.405     0.394     0.383     0.371     0.360     0.347     0.335
1906     0.322     0.309     0.296     0.283     0.269     0.255     0.241     0.227     0.213     0.198     0.184     0.169
1907     0.155     0.140     0.125     0.111     0.096     0.082     0.067     0.053     0.039     0.025     0.012    -0.001
1908    -0.014    -0.027    -0.039    -0.051    -0.063    -0.074    -0.084    -0.094    -0.104    -0.113    -0.121    -0.129
1909    -0.136    -0.142    -0.148    -0.154    -0.158    -0.162    -0.166    -0.168    -0.170    -0.172    -0.173    -0.173
1910    -0.173    -0.172    -0.170    -0.168    -0.166    -0.162    -0.159    -0.155    -0.150    -0.145    -0.140    -0.134
1911    -0.128    -0.122    -0.115    -0.108    -0.102    -0.095    -0.088    -0.081    -0.074    -0.067    -0.060    -0.053
1912    -0.047    -0.041    -0.035    -0.029    -0.024    -0.019    -0.015    -0.010    -0.007    -0.004    -0.001     0.002
1913     0.003     0.005     0.006     0.006     0.006     0.005     0.004     0.003     0.000    -0.002    -0.005    -0.009
1914    -0.012    -0.017    -0.022    -0.027    -0.032    -0.038    -0.044    -0.051    -0.058    -0.065    -0.073    -0.080
1915    -0.088    -0.096    -0.105    -0.113    -0.122    -0.131    -0.140    -0.148    -0.157    -0.166    -0.175    -0.183
1916    -0.192    -0.201    -0.209    -0.217    -0.225    -0.233    -0.240    -0.247    -0.254    -0.261    -0.267    -0.273
1917    -0.279    -0.284    -0.289    -0.293    -0.297    -0.301    -0.304    -0.307    -0.309    -0.311    -0.313    -0.314
1918    -0.314    -0.315    -0.315    -0.315    -0.314    -0.313    -0.312    -0.310    -0.308    -0.306    -0.304    -0.302
1919    -0.300    -0.297    -0.294    -0.291    -0.289    -0.286    -0.283    -0.280    -0.277    -0.273    -0.270    -0.267
1920    -0.264    -0.261    -0.258    -0.255    -0.252    -0.249    -0.246    -0.243    -0.240    -0.238    -0.235    -0.233
1921    -0.230    -0.228    -0.226    -0.224    -0.222    -0.220    -0.218    -0.217    -0.215    -0.214    -0.213    -0.211
1922    -0.210    -0.209    -0.208    -0.207    -0.206    -0.205    -0.204    -0.204    -0.203    -0.202    -0.201    -0.200
1923    -0.198    -0.197    -0.196    -0.194    -0.193    -0.191    -0.189    -0.187    -0.185    -0.182    -0.180    -0.177
1924    -0.174    -0.171    -0.167    -0.163    -0.159    -0.155    -0.151    -0.146    -0.141    -0.136    -0.130    -0.124
1925    -0.118    -0.112    -0.105    -0.099    -0.092    -0.085    -0.077    -0.070    -0.062    -0.055    -0.047    -0.039
1926    -0.031    -0.023    -0.015    -0.006     0.002     0.010     0.019     0.027     0.035     0.044     0.052     0.060
1927     0.068     0.077     0.085     0.093     0.101     0.108     0.116     0.123     0.131     0.138     0.145     0.151
1928     0.158     0.164     0.170     0.176     0.182     0.187     0.192     0.197     0.201     0.205     0.209     0.213
1929     0.216     0.219     0.222     0.224     0.226     0.227     0.229     0.229     0.230     0.230     0.230     0.230
1930     0.229     0.228     0.227     0.225     0.223     0.221     0.218     0.215     0.212     0.209     0.205     0.201
1931     0.197     0.193     0.188     0.183     0.178     0.173     0.167     0.162     0.156     0.151     0.145     0.139
1932     0.133     0.127     0.121     0.114     0.108     0.102     0.095     0.089     0.082     0.075     0.069     0.062
1933     0.055     0.048     0.041     0.034     0.027     0.020     0.013     0.007    -0.000    -0.007    -0.014    -0.020
1934    -0.027    -0.033    -0.039    -0.045    -0.051    -0.056    -0.061    -0.066    -0.071    -0.076    -0.080    -0.083
1935    -0.087    -0.090    -0.093    -0.095    -0.097    -0.099    -0.100    -0.100    -0.101    -0.100    -0.100    -0.099
1936    -0.097    -0.095    -0.092    -0.089    -0.086    -0.082    -0.078    -0.073    -0.068    -0.062    -0.056    -0.050
1937    -0.044    -0.037    -0.030    -0.023    -0.016    -0.008    -0.000     0.008     0.016     0.024     0.032     0.040
1938     0.048     0.056     0.064     0.072     0.080     0.088     0.095     0.103     0.110     0.117     0.124     0.130
1939     0.137     0.143     0.148     0.154     0.159     0.163     0.168     0.172     0.175     0.178     0.181     0.183
1940     0.184     0.186     0.186     0.187     0.186     0.186     0.185     0.183     0.181     0.178     0.175     0.172
1941     0.168     0.163     0.159     0.153     0.148     0.142     0.135     0.128     0.121     0.113     0.105     0.097
1942     0.088     0.079     0.070     0.061     0.051     0.041     0.031     0.021     0.011     0.000    -0.010    -0.021
1943    -0.032    -0.043    -0.054    -0.065    -0.076    -0.086    -0.097    -0.108    -0.119    -0.130    -0.140    -0.151
1944    -0.161    -0.171    -0.181    -0.191    -0.201    -0.211    -0.220    -0.230    -0.239    -0.248    -0.256    -0.265
1945    -0.273    -0.282    -0.290    -0.297    -0.305    -0.312    -0.319    -0.326    -0.332    -0.339    -0.345    -0.350
1946    -0.356    -0.361    -0.366    -0.371    -0.376    -0.381    -0.385    -0.389    -0.394    -0.398    -0.401    -0.405
1947    -0.409    -0.412    -0.416    -0.419    -0.422    -0.425    -0.428    -0.431    -0.434    -0.437    -0.440    -0.442
1948    -0.445    -0.448    -0.450    -0.453    -0.455    -0.457    -0.460    -0.462    -0.464    -0.466    -0.468    -0.470
1949    -0.472    -0.474    -0.475    -0.477    -0.478    -0.480    -0.481    -0.482    -0.484    -0.485    -0.486    -0.486
1950    -0.487    -0.488    -0.488    -0.489    -0.489    -0.490    -0.490    -0.491    -0.491    -0.491    -0.492    -0.492
1951    -0.492    -0.492    -0.493    -0.493    -0.493    -0.493    -0.494    -0.494    -0.494    -0.495    -0.495    -0.495
1952    -0.495    -0.496    -0.496    -0.496    -0.496    -0.496    -0.496    -0.497    -0.497    -0.497    -0.496    -0.496
1953    -0.496    -0.496    -0.496    -0.495    -0.495    -0.494    -0.493    -0.493    -0.492    -0.491    -0.489    -0.488
1954    -0.487    -0.485    -0.484    -0.482    -0.480    -0.478    -0.475    -0.473    -0.470    -0.467    -0.464    -0.461
1955    -0.458    -0.454    -0.450    -0.446    -0.442    -0.437    -0.432    -0.428    -0.422    -0.417    -0.412    -0.406
1956    -0.400    -0.394    -0.388    -0.382    -0.375    -0.369    -0.362    -0.356    -0.349    -0.342    -0.335    -0.328
1957    -0.321    -0.314    -0.307    -0.299    -0.292    -0.285    -0.278    -0.271    -0.264    -0.257    -0.250    -0.244
1958    -0.237    -0.231    -0.225    -0.218    -0.213    -0.207    -0.202    -0.197    -0.192    -0.187    -0.183    -0.179
1959    -0.176    -0.173    -0.170    -0.167    -0.165    -0.163    -0.162    -0.160    -0.159    -0.158    -0.158    -0.158
1960    -0.157    -0.158    -0.158    -0.159    -0.160    -0.160    -0.162    -0.163    -0.164    -0.166    -0.168    -0.169
1961    -0.171    -0.173    -0.175    -0.177    -0.179    -0.181    -0.183    -0.185    -0.186    -0.188    -0.190    -0.191
1962    -0.193    -0.194    -0.195    -0.196    -0.197    -0.198    -0.198    -0.198    -0.198    -0.198    -0.198    -0.197
1963    -0.196    -0.195    -0.194    -0.192    -0.191    -0.189    -0.186    -0.184    -0.181    -0.178    -0.175    -0.171
1964    -0.168    -0.164    -0.160    -0.156    -0.151    -0.147    -0.143    -0.138    -0.134    -0.130    -0.125    -0.121
1965    -0.117    -0.112    -0.108    -0.104    -0.101    -0.097    -0.093    -0.090    -0.087    -0.084    -0.082    -0.080
1966    -0.077    -0.076    -0.074    -0.073    -0.072    -0.071    -0.071    -0.070    -0.070    -0.071    -0.071    -0.072
1967    -0.073    -0.074    -0.075    -0.077    -0.079    -0.081    -0.083    -0.086    -0.089    -0.092    -0.095    -0.099
1968    -0.103    -0.107    -0.111    -0.115    -0.120    -0.125    -0.130    -0.135    -0.141    -0.146    -0.152    -0.158
1969    -0.164    -0.170    -0.177    -0.183    -0.190    -0.197    -0.204    -0.211    -0.218    -0.225    -0.233    -0.241
1970    -0.248    -0.256    -0.264    -0.272    -0.280    -0.288    -0.297    -0.305    -0.313    -0.322    -0.330    -0.339
1971    -0.347    -0.355    -0.364    -0.372    -0.380    -0.388    -0.396    -0.404    -0.411    -0.419    -0.426    -0.433
1972    -0.440    -0.446    -0.453    -0.459    -0.465    -0.471    -0.476    -0.481    -0.486    -0.491    -0.495    -0.499
1973    -0.502    -0.506    -0.509    -0.511    -0.514    -0.516    -0.517    -0.518    -0.519    -0.519    -0.519    -0.519
1974    -0.518    -0.516    -0.514    -0.512    -0.509    -0.506    -0.502    -0.498    -0.493    -0.488    -0.483    -0.477
1975    -0.470    -0.464    -0.456    -0.449    -0.441    -0.432    -0.424    -0.415    -0.405    -0.396    -0.386    -0.376
1976    -0.365    -0.354    -0.344    -0.333    -0.321    -0.310    -0.298    -0.287    -0.275    -0.263    -0.251    -0.238
1977    -0.226    -0.214    -0.201    -0.188    -0.176    -0.163    -0.150    -0.137    -0.124    -0.111    -0.098    -0.084
1978    -0.071    -0.058    -0.045    -0.032    -0.019    -0.006     0.007     0.020     0.033     0.045     0.058     0.070
1979     0.082     0.094     0.105     0.117     0.128     0.139     0.149     0.159     0.169     0.179     0.188     0.196
1980     0.205     0.213     0.220     0.227     0.234     0.241     0.247     0.252     0.258     0.263     0.268     0.272
1981     0.276     0.280     0.284     0.287     0.290     0.292     0.295     0.297     0.299     0.301     0.303     0.304
1982     0.306     0.307     0.308     0.308     0.309     0.309     0.310     0.310     0.310     0.310     0.310     0.309
1983     0.309     0.308     0.307     0.306     0.305     0.303     0.301     0.300     0.298     0.296     0.293     0.291
1984     0.288     0.285     0.282     0.279     0.275     0.271     0.268     0.264     0.259     0.255     0.251     0.246
1985     0.241     0.236     0.231     0.226     0.221     0.215     0.210     0.204     0.199     0.193     0.187     0.182
1986     0.176     0.170     0.165     0.159     0.154     0.149     0.143     0.138     0.133     0.128     0.123     0.118
1987     0.114     0.109     0.105     0.101     0.097     0.094     0.091     0.088     0.085     0.082     0.080     0.078
1988     0.077     0.075     0.075     0.074     0.074     0.074     0.074     0.075     0.076     0.078     0.080     0.082
1989     0.084     0.087     0.091     0.094     0.098     0.102     0.107     0.112     0.117     0.122     0.128     0.133
1990     0.139     0.146     0.152     0.158     0.165     0.171     0.178     0.185     0.192     0.199     0.206     0.213
1991     0.220     0.227     0.234     0.241     0.249     0.256     0.263     0.270     0.277     0.284     0.291     0.298
1992     0.305     0.312     0.319     0.325     0.332     0.338     0.345     0.351     0.357     0.363     0.368     0.374
1993     0.379     0.383     0.388     0.392     0.396     0.399     0.402     0.405     0.407     0.408     0.410     0.410
1994     0.411     0.410     0.409     0.408     0.406     0.404     0.401     0.397     0.393     0.389     0.384     0.378
1995     0.371     0.365     0.357     0.350     0.341     0.333     0.323     0.314     0.304     0.293     0.282     0.271
1996     0.260     0.248     0.235     0.223     0.210     0.197     0.184     0.170     0.157     0.143     0.129     0.115
1997     0.101     0.087     0.073     0.059     0.045     0.030     0.016     0.002    -0.012    -0.025    -0.039    -0.052
1998    -0.066    -0.079    -0.091    -0.104    -0.116    -0.128    -0.140    -0.151    -0.162    -0.173    -0.183    -0.193
1999    -0.202    -0.212    -0.220    -0.228    -0.236    -0.243    -0.250    -0.257    -0.263    -0.268    -0.273    -0.278
2000    -0.282    -0.285    -0.288    -0.291    -0.293    -0.295    -0.296    -0.296    -0.297    -0.296    -0.296    -0.295
2001    -0.293    -0.291    -0.289    -0.286    -0.282    -0.279    -0.275    -0.271    -0.266    -0.261    -0.256    -0.251
2002    -0.246    -0.240    -0.234    -0.229    -0.223    -0.217    -0.211    -0.204    -0.198    -0.192    -0.186    -0.181
2003    -0.175    -0.169    -0.164    -0.158    -0.153    -0.148    -0.143    -0.139    -0.134    -0.130    -0.126    -0.122
2004    -0.119    -0.116    -0.113    -0.111    -0.109    -0.107    -0.106    -0.105    -0.104    -0.104    -0.105    -0.106
2005    -0.107    -0.109    -0.111    -0.113    -0.116    -0.120    -0.124    -0.128    -0.132    -0.137    -0.142    -0.148
2006    -0.154    -0.160    -0.166    -0.173    -0.180    -0.187    -0.194    -0.202    -0.209    -0.217    -0.225    -0.233
2007    -0.241    -0.249    -0.257    -0.265    -0.273    -0.282    -0.290    -0.298    -0.306    -0.315    -0.323    -0.331
2008    -0.339    -0.347    -0.355    -0.362    -0.370    -0.377    -0.385    -0.392    -0.399    -0.405    -0.412    -0.418
2009    -0.424    -0.430    -0.435    -0.441    -0.445    -0.450    -0.454    -0.458    -0.462    -0.465    -0.468    -0.470
2010    -0.472    -0.474    -0.475    -0.476    -0.476    -0.476    -0.475    -0.474    -0.473    -0.471    -0.469    -0.466
2011    -0.463    -0.459    -0.455    -0.450    -0.445    -0.440    -0.434    -0.428    -0.421    -0.414    -0.407    -0.399
2012    -0.391    -0.383    -0.375    -0.366    -0.357    -0.348    -0.339    -0.329    -0.319    -0.309    -0.299    -0.289
2013    -0.279    -0.269    -0.258    -0.248    -0.237    -0.227    -0.217    -0.206    -0.196    -0.186    -0.177    -0.167
2014    -0.157    -0.148    -0.139    -0.131    -0.122    -0.114    -0.106    -0.099    -0.092    -0.085    -0.078    -0.072
2015    -0.067    -0.062    -0.057    -0.053    -0.049    -0.046    -0.043    -0.041    -0.040    -0.039    -0.038    -0.038
2016    -0.039    -0.040    -0.042    -0.045    -0.048    -0.052    -0.056    -0.061    -0.067   -99.000   -99.000   -99.000
2017   -99.000   -99.000   -99.000   -99.000   -99.000   -99.000   -99.000   -99.000   -99.000   -99.000   -99.000   -99.000
2018   -99.000   -99.000   -99.000   -99.000   -99.000   -99.000   -99.000   -99.000   -99.000   -99.000   -99.000   -99.000
2019   -99.000   -99.000   -99.000   -99.000   -99.000   -99.000   -99.000   -99.000   -99.000   -99.000   -99.000   -99.000
2020   -99.000   -99.000   -99.000   -99.000   -99.000   -99.000   -99.000   -99.000   -99.000   -99.000   -99.000   -99.000
2021   -99.000   -99.000   -99.000   -99.000   -99.000   -99.000   -99.000   -99.000   -99.000   -99.000   -99.000   -99.000
2022   -99.000   -99.000   -99.000   -99.000   -99.000   -99.000   -99.000   -99.000   -99.000   -99.000   -99.000   -99.000
2023   -99.000   -99.000   -99.000   -99.000   -99.000   -99.000   -99.000   -99.000   -99.000   -99.000   -99.000   -99.000